+ 0 1 1 1 1 1 1 1 1
- 0 1 1 2 5 14 42 132 429
* 0 1 1 1 1 1 1 1 1
/ 0 1 1 2 5 14 42 132 429
^ 0 1 1 2 5 14 42 132 429
+- 0 1 2 6 22 90 394 1806 8558
+* 0 1 2 6 22 90 394 1806 8558
+/ 0 1 2 7 31 154 820 4575 26398
+^ 0 1 2 7 31 154 820 4575 26398
-* 0 1 2 7 31 154 820 4575 26398
-/ 0 1 2 8 40 224 1344 8448 54912
-^ 0 1 2 8 40 224 1344 8448 54912
*/ 0 1 2 6 22 90 394 1806 8558
*^ 0 1 2 7 31 154 820 4575 26398
/^ 0 1 2 8 40 224 1344 8448 54912
+-* 0 1 3 15 93 645 4791 37275 299865
+-/ 0 1 3 16 107 802 6442 54214 471827
+-^ 0 1 3 16 107 802 6442 54214 471827
+*/ 0 1 3 15 93 645 4791 37275 299865
+*^ 0 1 3 16 107 802 6442 54214 471827
+/^ 0 1 3 17 121 965 8247 73841 683713
-*/ 0 1 3 16 107 802 6442 54214 471827
-*^ 0 1 3 17 121 965 8247 73841 683713
-/^ 0 1 3 18 135 1134 10206 96228 938223
*/^ 0 1 3 16 107 802 6442 54214 471827
+-*/ 0 1 4 28 244 2380 24868 272188 3080596
+-*^ 0 1 4 29 263 2672 29088 331749 3912660
+-/^ 0 1 4 30 282 2970 33518 396302 4845578
+*/^ 0 1 4 29 263 2672 29088 331749 3912660
-*/^ 0 1 4 30 282 2970 33518 396302 4845578
+-*/^ 0 1 5 46 529 6814 94042 1359720 20330041
